0 50 50 100 140
1 150 50 100 140
2 250 50 100 140
3 350 50 100 140
4 450 50 100 140
5 550 50 100 140
6 650 50 100 140
7 750 50 100 140
8 1050 50 100 140
9 50 190 100 140
10 150 190 100 140
11 250 190 100 140
12 350 190 100 140
13 450 190 100 140
14 550 190 100 140
15 650 190 100 140
16 750 190 100 140
18 50 330 100 140
19 150 330 100 140
20 250 330 100 140
21 350 330 100 140
22 450 330 100 140
23 550 330 100 140
24 650 330 100 140
25 750 330 100 140
26 50 470 100 140
27 150 470 100 140
28 250 470 100 140
29 350 470 100 140
30 450 470 100 140
31 550 470 100 140
32 650 470 100 140
33 750 470 100 140
34 1050 470 100 140 